<?xml version="1.0" encoding="utf-8"?>
<COLLADA xmlns="http://www.collada.org/2005/11/COLLADASchema" version="1.4.1">
  <asset>
    <contributor>
      <author>Blender User</author>
      <authoring_tool>Blender 2.68.0 r58536</authoring_tool>
    </contributor>
    <created>2013-10-13T15:19:59</created>
    <modified>2013-10-13T15:19:59</modified>
    <unit name="meter" meter="1"/>
    <up_axis>Z_UP</up_axis>
  </asset>
  <library_images/>
  <library_controllers/>
  <library_visual_scenes>
    <visual_scene id="Scene" name="Scene">
      <node id="Armature" name="Armature" type="NODE">
        <matrix sid="transform">1 0 0 0 0 1 0 0 0 0 1 0.4 0 0 0 1</matrix>
        <node id="Bone" name="Bone" sid="Bone" type="JOINT">
          <matrix sid="transform">0.9999999 0 0 0 0 -4.37114e-8 1 0 0 -1 -4.37114e-8 1.125 0 0 0 1</matrix>
          <node id="Bone_001" name="Bone.001" sid="Bone_001" type="JOINT">
            <matrix sid="transform">1 1.1928e-14 1.3328e-7 0 1.3328e-7 -7.45936e-4 -0.9999997 0.4272983 9.94064e-11 0.9999997 -7.45936e-4 0 0 0 0 1</matrix>
            <node id="Bone_004" name="Bone.004" sid="Bone_004" type="JOINT">
              <matrix sid="transform">1 9.94006e-11 -1.3328e-7 -7.10543e-15 0 0.9999998 7.45803e-4 0.4000002 1.3328e-7 -7.45803e-4 0.9999997 0 0 0 0 1</matrix>
            </node>
          </node>
          <node id="Bone_002" name="Bone.002" sid="Bone_002" type="JOINT">
            <matrix sid="transform">1 -2.2593e-14 3.90854e-7 0 -3.90854e-7 -7.45817e-4 0.9999997 0.4272983 2.91483e-10 -0.9999997 -7.45817e-4 0 0 0 0 1</matrix>
            <node id="Bone_003" name="Bone.003" sid="Bone_003" type="JOINT">
              <matrix sid="transform">-1 -2.915e-10 3.89414e-7 -2.84217e-14 -1.11905e-12 0.9999997 7.45686e-4 0.4000002 -3.89414e-7 7.45686e-4 -0.9999997 0 0 0 0 1</matrix>
            </node>
          </node>
          <node id="Bone_005" name="Bone.005" sid="Bone_005" type="JOINT">
            <matrix sid="transform">1 0 0 0 0 1 -3.55271e-15 0.4272983 0 0 1 0 0 0 0 1</matrix>
            <node id="Bone_006" name="Bone.006" sid="Bone_006" type="JOINT">
              <matrix sid="transform">1 3.55271e-15 1.19209e-7 0 -6.21088e-8 0.853553 0.521006 0.370046 -1.01751e-7 -0.521006 0.853553 0 0 0 0 1</matrix>
              <node id="Bone_007" name="Bone.007" sid="Bone_007" type="JOINT">
                <matrix sid="transform">1 -6.21088e-8 -1.01751e-7 0 -6.06486e-15 0.8535529 -0.5210061 0.3838727 1.19209e-7 0.521006 0.8535529 0 0 0 0 1</matrix>
              </node>
            </node>
            <node id="Bone_008" name="Bone.008" sid="Bone_008" type="JOINT">
              <matrix sid="transform">1 0 0 0 0 0.853553 -0.521006 0.370046 0 0.521006 0.853553 0 0 0 0 1</matrix>
              <node id="Bone_009" name="Bone.009" sid="Bone_009" type="JOINT">
                <matrix sid="transform">1 0 0 0 0 0.853553 0.521006 0.3838727 0 -0.521006 0.8535531 2.98023e-8 0 0 0 1</matrix>
              </node>
            </node>
          </node>
        </node>
      </node>
    </visual_scene>
  </library_visual_scenes>
  <scene>
    <instance_visual_scene url="#Scene"/>
  </scene>
</COLLADA>